35
 30  71   7  95  72  95  19  65  34  69   9  83  70  12  77  58  88   8  62  99  41  55  18  12  41   1   5  20  58  20  98   9  84  71  76 
 46  79  60  38  41  80  85  99  30  68  13  31  96  15  96  18  87  16  37  47  15  15  34  23   8  34  40  13  99  31  88   5  91  79  54 
 97   2  56  21  95  63  33  33  29  93  24  62 100  12  74  35  29  41  95  83  81  17   8  98  68  96  52  60  49  26   7  37  20  67  52 
 25  60  54  21   8  33  98  18   3  22  54  88  77  47  31  30  77  46  73  76  78  93  93  37  98  91  18  50  42  15  62  79  88  91  98 
 23  27  90  70  11  55  13  42  24  81   4   5  77  15  72  97  60  72  16  67  45  93  22  72  13  25  61  89  69  76  78  42  98  74  26 
 32  85  19  57  84  78  90  10  26  31  19  66  73  90  45  54  84  77  38  22  30   4  53  96  68   9  62  25  78  49  80  61  50  84  84 
 95  98  28  61  31  93   8  71  54  35  43   7   0  84  72  90   1  79  80  41  27  64  12  12  17  37  86  37   3  71  57  94  85  81   8 
 74  16  49  50  24  61  82  77   4  62  74  98  37  15  53  33  93  50  32  74  13  66  54  85  67  60  52  69  85  41  70  92  27   8  67 
 10  51  50  68  68  64  38  53  65  11  98  68   4  69  93  95  50  29  58  48  10  90  56  22  48  37  71  61  24  50  35  12  94  36  52 
 86  35  97  89  22   1  76   6   1  76  36  32  71   6  89  80   6  21  23  94  44  41  96  92   4   0  50  41  15  41  73  29  91  93  86 
  8  27  35  86  57  88  54   6  34  76  12   1  65  29  48   4  44  21  24  92  51  32  88  39  71  87  15  54  65  23  74  69  64  16  87 
 50  33  66  24   8   2  57  83   5  12  21  57   7  39  27  19  37   6  82  78  73  85  10   0  57  24  60  50  22  16  45  78  58  80  85 
 48  29  75  65  48  38  98  77  98  84  91  18  91  74  82   8  45  25  81   0  31  47  36  45  53  71 100  57  67  57  23  19  58  23  54 
 13  23  40  97  57  44  23  45  73  38   4  84   5  83  17  29  66  66  96  88  22 100  55  63  91  36  27  86  58  78  19  26  42  60  28 
 87   2  73   9  14  68  28  37 100  34  28  77  51  41  80  60  49  60  41  91  40  68   2  34   0  43  65  68  17  55  49  32  54  31  90 
 27   3  98  29   3  64  77  83   2  83  69  25  77  44   4  99  55  63  74  53  52  93   9  61   4  88  84   9   0  31  51  16   6  91  51 
 26  93  73   6  98  28  73  48  75   9  57  24  56  13  72  76  42  39   5  67  83  38 100  94  22  12   3  73  78  96  15  67  74  32  28 
 16  71  38  55   4  51  12  12  41  73   9  84  84  71  71  76   3  41  73  46  10  80  85  59  10  15  36  67  61  29 100  73  41  44  91 
  8  76  91  20  22  49  18  46  23  52  51  88  41  64  38  32  77  90  53  59   2   7  11  43  70  53  89  39  27  41  81  59  31  32  56 
 27  39  79  34  31  80  88  95  54  62  52  73  69  47   7  15  64  55  85   7  63  19  34  56  57  26  38  37  91  15  78  75   3   2  41 
 57  58  77  46  37  98  68   3  26  65  48  40   4   5   5  49  71  62  50  58  13  18  87  74   3  71  75  21  52  15  63  25  62  10  52 
 92  48  72   7  64  86  55  42  63  44  75  77  27  44  89  42  87  24  41  51  13  60  82  28  83  86  41  12  55  87  86  52  47  32  45 
 35  94  56  12  19  96  61  25  53  69  78  55   0  28  80  90  56  69  14  93  10  16  57  39  22  81 100  60 100  86  39  42  93  81  99 
 54   3   3  94  30   4   6  32 100  76  58  28  48  26  62  17   5  55  19  26  83  79  71  23  50  93  75  24  43  21  12  90  46   3  85 
 18   7  16  57  84  36  23  69  58  98   7  28  59  98  79   3  76  18  20  17  30  99  34  87  29  43  51  57  89  33  89  95  81  13  52 
 76  21  77  64  22  14  32  66  28  94  41  71  82  15  77  55  87  13  17  19  88  99   2  16  80  16  88  45  17  21   6  93  50  81  81 
 71  69  87  21  89  96  86  67  10  43  90  35  37  63  88  65  70  73  64  36  16  98  78  25  49  22  13  60  83  33  20  31  85  39  64 
 29  87   9  35  96  39  21  60  45  19  37  84  67  16  18  30  72  61  34  72  73  60  41  90  97  39  13  28  38  53  10  99  56 100  46 
 57  74  87  13  73  30  25  62  41  30  12  50  90  46  56  32  18  36  50  92  85  75  23  48  77  76  71  86  73  62  79  63  34  71  88 
 24  65  43  28  87  62  83  58  69  61  18  16  77  35  87  87  10  23  62  87  48  87  42  20  51  23  86   7  44  70   4  42  69  81  67 
 96  64  90  68  60  41   6  83  11  72  69  14  63  58  19  90  38  60  13  20  69  28  18  53  42  99  59  49  47  52  93  58   2  10  93 
 10  57  77  56  58  57  84  24   8  43  54  18  64  23  85  41  72  30  85  29  56  65  77  77  17  59  31  35  13  10   4  83  61  44  17 
 81  91  39  33   8   4  48  59  81  10  65   0  91  18  88   1  17  72  55  62  85  24  55  98   1  79  66  56  88  75  23  55  15  74  17 
 79  73  23   9  81  69  71   2  79  73  30  80  48  46  40  23  39  37  70  37  26  85   9  33   6  63  79  36  78  58  39  60  82  26  64 
  8  95  83  60  22  81  23  22  99  96  71  89  16  63  42 100  23  14  18   5  14  45  57  16  70  60  59  74  79  14  56  40   6  75  85 