35
  0  85  85  16  82  11  36  48  18  23  31  42  22  92   6  61  83  28  77  50  40  59  12  62  16  66  15   6  31   4  73  57   9  91  69 
 40  70  22  90  95  59  61  47  12  58  42  40  33  54  21  38  84  46  39  96  18  70  70  25  43   1  11  58  72  10  76  72  38   0  65 
 93  74  57  60  95   0  92   3  25  25  51  50  80  23  58  43  72  61  30  35  49  82  65  30  17  56  43  70  41   1  46  54  70  50   2 
 35  30  63   7  81  12  75  21  18  90  30  34  24  92  51  67  61  89  35  39  90  46  41  86  29  69  34  24  62  97  45  72  59 100  76 
 65  84  37  46  67  30   3  46  12  76  50  56  75  29   1  28  68  66  89  94  64  52  83   0  43  50  14  59  10   3  90  94  54  68  51 
 82  31  99  33   2  49  32  94  23  60   3  65  27  77  23  87  43   6  75   3   7  31  48  20  70   3  15  51  39  25   6  19  24   4  98 
 83  47  96  11  10  53  73  85  73  46  16  15  50  70  46  62  89  75  61   1  12  83  21  73  13   9  10  50  86  57  23  78  10  98  10 
 68  50  18  69  81  63  86  86  62  64   9  95  76   4  10  42  52  64  72  53  84   3  59  65  75  99  28  81  99  83  34  43  74  24  73 
 29  23  78  51  84  17  31  11  98  91  38  87  83  40  83  12  65  51  89  27  81  75  80  19  28  94  54  93  22  19  24  11  92  93  94 
  5  28  45  90  57 100  89  37  26  71  59  40  95  48  47   2  53  55  93  33  37  58  23  16  83  49  63  58  53  44  40  31  43  17   5 
 97  22  29  99  90  36  77  12  90  63  32  96  17  47  40   0  94  70  72  76  52  64  59  11  85  18  69  23  15  75  55  82  54  39  99 
 19  25  81  21  88  93  22  75  53  57  60  48  41  19  97  40   8  61  95  87  25  62  49  15  67  65  92  35  73  68  62  85  39  27  50 
 51   7  85  52  18  58  43  56  26  89  68  30  72  48  27  70  16  66  69  15  69  51   4  49  57  47  48  11  92  97  48  85   5  39  16 
 37  82  48   0  87  25  74   2  10  38  65  19  33  72   2  19  29  98  53  89  26  22  22  36  43  26   7  78  88  88  74  62  97   6  22 
 48  64  84  11  51  26  36  20  97  10  48  62  20  67  39  22  67  51  12  91   1  70  59   1  66  71  66  96   5  71  56  69  23  40  19 
 47  25  63  37   9  88  43  18  66  15  17  10  81  28  83  17  90  99  72  92  46  70  25  98  67  24  77  78  18   5  49  96  50  56 100 
 44   0  22  73  33  58  73  28  93  11   9  55  35   9   7  13  43  47  15   3  35  87  52   6  15   3  63  14  82  91  54  47  75  83  11 
 91  67  15  81  43   9   8  36  38  12  71  60  95   5  53  62  95  78 100  35  96  82 100  28  37 100  74  20  80  28  54  53  93  99  71 
 37  24  21  72  91  41  32  16  54   3  12   8  70  55 100  45  62  10  17  80  80  21  15  71  89  20  74  97  24  47  18  20  75  95  92 
 27  89  45  27  29  96   7  61  39  58  64  32  63  11  87  69  18  35  72  30  25  63  72  73  36  15  39  13  92  93  27   5  31  83  35 
 33   6  17  57  93  49  61   6  11  86  12   2  60  70  19  62  56  59  14  67  20  47   0  34  26  77  44  98  59  35  75  56  99  91  38 
  6  50  30  91  90  34  72  99  70  37  57  57  31  16  16  76  75  25  14   2  29  46  20  82  34  17  41  26   0   8  49  97  22  54  92 
 37  38  82  69  77  36  36  13   6   4  71  40  40  23  30  79   0  65  66  60  68  84  72   7   2  28  43  19  11  17  46  12  29  70  92 
 48  98  58  43  55  31  77  68  11  58  72  45  93  93  21  85  62  73  51  87  88  83  29   7  20  70  32  30  69  41  73  57  43  16  19 
 32  61  67   4  57  83  88  76  17  71  52  26  33  45  29  34  30  33  61  29   7  84  30  89  42  61  85  34  16  23  59  88   4  53  49 
 18  87  61  77  45  43  49  44  63   5  43  28  10  44  87  47  15  69  48   8  80  75   0  87  59  76  29  53  15  37  22   0  57  75  63 
 72   5  21  75  87  70  92   6  73  40  40  28  87  94  47  66  88  72  68  48  80  73  83  68  48  64  43  75  25  10  29   0   5  40  14 
 95  53  47  86  52  93  90  78  36  13  28   3  78  92   3  71  39  82  14  66  23  64  89  92  97  44  86  82  64  14  76  90  15  46  32 
  1  62  17 100  15  90  23  22  95  36  37  71  10  23  97  24  31  71  92  41   6  65   6   6  44  11  64  54  11  27  51  85  46  52  52 
 76  52  68  90  81  65  61  11  35  71  99   4  55  49  42  44  88  36  59  56  51  28  24  56  19  95  15  45  53  40  94  54  97  69  20 
  0  55  57  15  61  90  43  40  62  17  52  81  49  67  89  79  92  96  79  92  78   8  96  66  38  50  81  64  99  18   7  91  36  46  35 
 52   5  14  94  85  22  12  97  24   3  66  61  77  86  69   9  55  30  52  42   4  21   2  20  68  26  46  96  63  20  43  15  62  10  61 
 91  41  28  40  57  37  77   5  93  64  30  24  42  74  23  70 100   7  32  79  74   9  93  86  67  86  97  34  32  33  53  30  80  28  13 
 51  44  96  82  67  53  70  36  68  66  43  55  43  62  47   2  31  72  23  70   9  44  17  59  77  35  62  72  43  29  95  97  12  77  67 
 90  83  84  60  20   9  41  72  41  52  99  55  77  44   9  98  84  91  58  89  10  46  92  54  58  32  35  87  61  93  56  10  66  92  57 