35
  2  90  64  23  36  29  57  37  54  74   3  15  20  57  26  47  29  98  71   6  33  55  95  19  53  66  46  68  36  32  85  29  36  18  78 
 72  48  89  11  31  57  14  31  25  21  12  97  97  45  12  98  10  85  64  94  24  31  42  54  38  88  59  74  17  83  54  41  27  61  21 
 50  99  86   0  86  64  60  98  36  78  83  93   6  58  42   6  32  62  78  29  79  39  20   3  56  53  29  68  92  92  96  47  60  17  89 
 26  94  30  53  57  88   0  73  31  98   3  97   3  53  69   3  20  77  61  97  88   4  74  45  65   5  98  40  73  41  62  91  56  62  21 
 50  17  51  51  88  14  43  63  64  42   7  98  72   6  60  79  90  87   6  52  63  38  27  19  15  57  33  20  26  71  51  17  88  71  15 
 88  75  28  20  23  50  39  29  63  28  27  13  72  42  40   6  60  68  91  43 100  73  27  69  76  83  98  89  62  21  81  17  39   2  30 
 31  85  71   1  80  70  75  93 100  14  36  92  78  41  85  92  15  69  43  92  13  87  46  92  43  63  46  32  20  90  61  40  56  57  70 
  6  13 100  48  50  55  34  41  22  83  10  57  78  49  47  53  48  79  50  96  50  43  28  94  99  87  13  91  89  27  89  79   2  95  43 
 43  61  33   8  44  38  11  98  84  51  96  18  38  26   9   8  32  16  43   9  19  81  58  47  69   8  28  82  74   1   4  96  66  12  83 
100  17  26  71  28  79  69  54  93  17  45  83  82  70  67  44  16  14   2  77  90   9  26  80  58  48  56  80  66  92  72  29   8  88  21 
 39  94   0  77  11  36  97  29  62  77  20  73  21  34  98  38  71  28  23   4  11   9   7  40  99  83  76  31  28  52  47   2  45  64 100 
100   9   2   5  82  66  80  49  24  76  55  36  43  19  41   8  30  98   8  21  18  29   0  10  31  16  35   2  76  69  95  45  33  70  68 
 93  41  23  16  56  85  16  20  70   4   3  21  86  61  79  65  85  36  15  54  81  61  14  56  31  20  68   1  88  93  48  24  98  71  61 
 77  59   5  32  51  71  20  70  88  70  12  20  47  93  40  12  60  99  18  49  13  20  10  49  77  91  49  76  42  90  25 100  38  88  88 
  4  76  10 100  71  55  15  96  87  64  21  99   6  37  92  11  59   8  90  40  51  21  67  50  84  41  47  78  70  53  82   6  43  44  31 
 51  31  59  68  81  79  55  45  90  55  89  83  67  31  59  46  46  11  15  10  25  30   9  63  64  56  59  47  56   1  97  94  24  51  24 
 47  52  53  20  40  50  75  41  56  21  65  69  22   4  88  90  84  57  43  42  78  21  70  70  71  21  45  70   7  24  64  13  41  73  11 
 31  66  40  42  58  51  95  41  10  67  52  59  37  98  56  97  23   0   9  37  84  85   3  26  48  56  70  66  51  32  69  32  85  88  75 
 67  43  64  21  86  98  98  33  10  30  46  75  84  97  48  74  54  17   4  36   7  13  79  20  95  24  80   2  93  61   5  46  49   6  40 
 24   2  87  26  83  24  96   3  54   9  67  41  55  51  24   4  79  52  66  64  33  35  32  94  44  99  43  75  14   7  61  20  21  94  40 
 46  99  10   1  36   4  56  43  47  12  69  24  72  27  63  88  17   4  24  78  85  72  23   9  95  87  33  48  43   9  75  10  17  38  10 
 94  76  49   7  96  81  96  48  53  19  76  10  48  25  95  56  28  48  13  54  86  69  37  68  89  78  77  75  44  44  91  43  99  69  11 
 79  54  81  41  38  34  31  85  56  45  95   2   8  59  17   1  51  14  95  64  96  52  61   8  80  18  67  76   0  49   9  42  45   8  19 
 18  77  46   6  62  84  26  25 100  49  28  34  12  40  70  52  42  50  62  49  94  29  38  68  32  92  98  77  49  74  76  54  40  69  86 
 53   9  37  34  73  73  65  99  85  30  21  87   7  50  42  98   6  81   8  15  65  77  36  69  80  47  44  42  82  99  20  68   7  58  91 
 22  37  13  39  77   9  50  53  58  44  23  33  99  76  70  55  74  21  54  26  47  30  12  13  22  44  14  20   7  41  23  37  91  75  70 
 40  55   5  57  36  79  22  88  53  78  24  13  11  58  99  34  90  93  41  31  52  10  71  20  19  98  98  85  53   8  75   7  49   4  23 
 20  83  53  60   5  45  27  12  73  93  12  11   7  65  75  42  24  47  55  29  77  71  55  55  46  94  88  20  14  35  57  14  77  33   5 
 59  93  91  87  48  51  48  45  48  36  62  18  16  42  89  82  76  73  48   5  86  51  81  57  38  36  95  33  30  41   3  97   3  42  72 
 59  78  71  29   2  19  38  38  50  92  65  49  90  95  31  66  73   6  86  46  91  46  32  47  39   6  59  44  83  95  70  88  74  55  55 
 97  99  78  65  72  88  60  35  25  70  67  94   2  79  74  37  51  51  87  54   3  42  86  68  17  52  22  30  49  98 100  85  42  10  99 
 61  82  71  73  67  86  18  96  68  73  44  79  90 100  25  51  99  45  49   6   9   7  28   8  24  83  45  41  19  98   0  96  90  55  27 
 24  99   7   5  87  59  95 100  68  27  58  71  57   3  94  28  28  45  43  95   0   2  42  92  77  55  93  74  18   2  11  87  34  97  82 
  3  67  70  92  14   0  52  55  91  67  82  29   8  85  76  76  24   9  53  17   5   1  25  10  92   1  54  30  51  85  91   0   2  49  54 
 19  88  17  82  53  25  31  19  65  49  42  44  11  53  36  20  43  84  90   5   9  33  85  54  82  34  49  12  23  55  96  19  34  65  95 