35
 49  14  90  47  71  80  81  41  24  62  52  51  27  69  38  69  13  27  97  71  15   8  59  67  60  13  34  31  49  43  28  90  33   4  73 
 95  98  26   8  39   6  98  60  54  54  34  59  41  45  51  35  20  13  21  34  36  89  19  38  81  48   3   7  12  77   5  12  64  24  45 
 75  75  19  98  36  66  81  96  37   9  21   2  62  83  72  81  84  84  39  66  24  94  70  49  26  49  30  65   8  94  19  47   7  76  27 
 74   5  49  27  18  23  34  22  18  99   9  55  78  41  53  98  69  93  57  23  25  32  39  84   3  54   5  16  99  67   5  58  49  30  63 
 83  20  45  15  13  94  86   6  41  75  62  88  23   5  95  29  30  77  48  73   8  68  56   0  86  45  80  89  74  30  65  77  55  19  10 
 30  40  29  15  95  91  62  66  65  67  91  62  99  65  54  41  72   3  33  65  99  92  47  10   3  88  24  76  53  79  29  46  37  97  75 
 22   7  27  65   3  33  61  37   1  16  64  15  65  80  46  35  18  26  76   5  20  17  16  85  47  35  53  69  77  82  74  70  27  73   0 
 30  98  60  20  50  19  80  91  38  91  58  27  69  17  66  68  92   8  66  58  20  20  98  77  79   6  88  38  99  16  87  54 100  75  54 
 94  47  47  48  17   5  22  25   4  26  53  31  10  19  87  97  18  65  92  60  13  84   5  48  58  87   5  94  18  70  73  85  70  69  61 
 94  77  46   9  98  61  58  48  64  39  71  42  36  89  38  33  86  39  15  95  79  82  94  41  56  31  84  39  98  42  88  84  96   2  98 
 18  92  16  10  52  56  73  44   6  77   6  45   5  88  35  26   3  47  42  88  26  65  67  20  51  39  18   0  76  41  19  82  33  84  65 
 30   3  70  22   9  38   1  96  80  45  59  69  72  98  28   6  93  48  19  86  24  75  12  30  74  56  80  94  97  54  14   7  51  22  92 
 56  88  28  86  69  57  79  57  92   8  92  44  47  32  46  10  89  70  40  53  96  99  56  37  25  24  19  85  87  24  98  67  70  47  43 
 69  63  97  28   2  46  72  86  83  52  82  85  36  14  18  83  56  64  91  79  32  86  44  87  17  75  81  25  33  26  90  86  48  84  53 
 73  28  87  98  55  33  24  23  22  15  18  43  30   8  21  75  81  60  38  52  15   0  96  65   2  55  20  81  34  26  92  33  61  55  67 
 99  17  10  18  41  57  33  35  18   0  98  19  35  88  53  25  64  17  78  92  81   1   0   2  41  29  72  26  23   7  75  52  98  72  41 
 24  74  45   7  77  40  62  69  67  47  72  44  26  26  62   4  59  75  42  78  14  76   7  47  28  91  84  88  43  32  80   9  36  72  23 
 36   9  12  18  52  33  95  31  70  90  25  96  73  75  63  52  46  37  27  96  88  44  34  56  52  60  98  38  32  23  27   1  13  42  28 
  0   0  78  43  54  78  86   4  85  53  14  91  49  34  75  65  10  20   7  99  20  80  87   1   3  84  46  50  47  85  67  77  14  55  65 
 60  95  47  86  20  17  12  33  17  98  61  98  18  32  52  49  38  20  22  24  74  47  63  31  25  51  13  10  30   8  17 100   3  85  10 
 89  26  22  86  15  99  63  98  73  73  31  45  16  28  12  49  16  45  54  32  66  62  82  81  28  35  44  62  47  73  44  25  63  50  73 
 87  55  57  70  87  34  14  82  21   8  95  72   0  61   5   7  95  16  47  88  91  82  15 100  56  96  41  50  28  78  80  98  97  45  29 
 71  57  78  95  63  36  45  99  10  21  15  31  46  32  91  19  25  81  55  62  88  23  64  99  96  56   9  63  86  16  33  30  53  82  54 
  7  53   7  17  92  29   3   1  76  57   3  32  26  90  61  76  75  29   2  21  42  75  83  72  51   1  87  47  23   4  53  71  62  56  69 
 55  92  66  74   0  45  29 100  22  29  58  40  12  45  30  26  64  14  80  88  84   4  91 100  75  98   1  57  18  96  79   0  58   1  42 
 82  87  26  84  33  33  11  38  67   1  68  32  51  53  42  91  85  97  88  72  87  92  86  46   9  74  25  24  88  66  31  24  83  39  18 
 49  71  42  54  47  35  77  30  67   5  10  16  68  71  96  56  52  29  76  70  48  22  26  14   7  62  70  19  12  71  52  15  52  23  26 
 19  92   7  13  87  52  25  65  69  97  32  76  76  79  32  78  41  34  92  67  85  65  48 100   8  28   0  47  76   9  63  93   0  63  28 
  6  90  21  13  71  85  46  39  98  90  97  71  95  70   7  67  75  17  59  48  81  23  34  50  53  75  27  71  63  83  51  31  74  84  62 
 87  32  23   1  68  20  88  31   2  84  80  47  55  29  62  30  73   2  43  49  37  84  35  68  76  54  18  25  58  44  48  24  52  26  89 
 54  12  10  44  35  79   6  72  95  84  77  55  78  31  49  26  72  69  60  63  27  64  72  82  70  27  84  76  61  62  81  26  50  59  31 
 88  97  71  21  60  75  44   5  89  83  50  36  44  88   4  52  31  66  63  42  24  23  65  78  11  81  20  65  80  96  64  20  47   9  95 
 22  42  69  32  22  50  19  81  70  97  99  20  35  40  16   8  85  78  70  14  35  29  18   2  63  79  66  17   0  58  21  97  99  58  38 
 83  67  95  39  47  26  72   2  66   6  62  34  18  50  44  30  56  60  15  27  30  26  67   1  75  44  28  60  32  85  75  21  47  99  80 
 49  18  76  14  64  25  77  78  68  49  30   9  43  48  26  31  76  11  82  78  11  41  12  69  99  91  86  44   8  91  36  22  46  51  85 