35
 33  11   3  65  26  58   7   3  86  44  57  72  88  90  58  72  44   2  59  58  74  84  27  79  71  62  26  46  47  94  70  81  73  58  56 
 66  86  85  76  87  16  73  82   4  39  64  21  46  39  36  68  87   6  49  71  16  54  76  70  21  54  66  21  97  68  74  95  35  64  69 
 89  27  64  91  89  54   3  78  67  61 100  43  82  22  55  18  18   8  61  25  25  93  91  71  26  78  36  45  86   6  46  75  76  21  60 
 85  78  48  57  87  98  97  37  44  38  55  65  62  91  97  22  80  44  49  95  10  91  95  86  17  19  52  58  49  19  19   8   4  56  91 
  4   6   9  54  49  81  73  28  34  37  28  46  39  90  90  69  51  50  81  26  61  13  94  60  59  94   1  51  47   5  67  79  46  39  54 
 96  41  38  48  59 100  49  34   0  85   1  86  11  85  11  10  69   2  62  53  72   7  93  43   0  98  59  60  62  18  92  95  51  92  89 
 53  97  49  15   4  36  65  30  17  65  97  57  59  43  26   4  50  27  31  73   5  55  94  42  74  70  73  95  59  78  74  38  56  43  66 
 99  75  54  17  79   4  29  62  95  86  50  40  39  30  41  31  12   1  30  70  74  52  53  88  85  85  46  80  36  91  34  76  54  17  76 
 94  13   0  51  54  69  30  62   4  12  98   4  89  46  11  71  78  35  33  58  20  57  68  69  91  96  13  47  77  32  72  53  33  72  88 
 60  59  88  40  11  14  40  15  80  49  66  71   0  36  25  59  96  30  15  21  32   5  74  49  55   1  53  76  19  28   7  91  37   1  64 
 15  91   6  49  82  11  83  71  38  70  43  93  85  57  19   2  46  58  34  20  55  12   1  40  57  50  16  71  91  67  76  58  11  23  30 
  8   2  87   3  68  87   9  27  13  32  68  83  76  31  49  96  75   9  48  28  74   9  62  75  71  39  11  47  65  90  63  43  57  15  40 
 75  20  23  51  31  26  33  43  56  46   3  26  99  36  59  80  90  42  82  44  56  83  94  58   5  62  68  46  40  27  45  58  19  21  15 
 26  72  12  39  47  80  31  66  28  13  88  25  89  29   6  10  19  70  18  33  58  63  30  40  20   9  78   2  76  69  79  32   7  43   5 
 32  86  36  47  66  75  51   0   6 100   5  82  27  34  35  48  46  48  47  83  63  76  64  33  96  84  11  68  19  22  48  36  90   4  66 
 43  99   9  89  85  18   7   6  59  95  66  31  49  93  88  50  56   4  99  71  54  28  46  95  86  63  89  43  88  12  42  11  39  10  79 
 71  94  50  75  82  93   8  14  88  84  63   5  61  68  42  34  20  25  78  86  46  50  82  91  64  22  93  64  75  55   9  65  28  62  69 
 94  70  89  82  35  65  62  39   0  54  14  90  87  83  48  30  28  43  81   4  88  37  87  80  31  85  12   7  69  45  91  19  20  81  76 
  7  23   6  53  55  81  71   6  17  70  89   8  75  82  76  16  96  25  45   3  42  78  12  76  44   2   2  54  39  94  43  92  15  98  78 
  6  79  50   6  44  95  40  12  43  83  20  96  55   6  85  29  96  18  70  77  41  60  53  36  25  13  82  84  64  87  61  85  94  30  76 
 48  47  35  86  23   9  43  52  54  55 100  50  69   5  82  94  21   5  36  78  65  31  83  93  14  66  17  23  61  95  41  66  34  74  79 
 88  85  38  57  40  74  76  92  71  78   9  59  29  98  51  25  60  92   5   4  71  72  87  25  73  19  87  94  71  16  27  57  57  68  37 
 15  81  36  30  10  76  83   5  68  49  30  36   5   2  46  30  67  13  41  22   8  38  60  78   8  58  69  76  75  47  51  22  34  65   0 
 80  36   0  13   8  99  73  20  96  93  10  41   8  99  28  43  80  91  23  36  32  24  35  94  90  75   1  36  86  52  34  41  13   5  22 
 28  38  81   7   1  54  44  13  16  62  44   2  87  76  45  38  69   1  48  28  25  51  45  15  57  97  32   7  61  21  54  46  21   4  50 
 88   0  87  58  45  15  18  14  55  51  27  28  93   0  99  34  84   8  20  77  11  52  84  34  62  27  98  39  66  41  18  17  51  39   1 
 18   7  98  14  89  16  96  60  54  64  69  30  53  38   8  42  55  86   2  96  34  13  81  54  53   0   4   0  23  86  61  95  78  35  93 
 95  70  52  82  38  10  70  65  80  62  21  16  15  10  21  57  52  41  45  10  83   6  13  61  39   6  62  22  62  68  24  51  70  96  68 
 43  50  74   0  12  21  71  69  96  53  81   8  71  78  77  56  10  30  95  73  12  48  69  60  10  44  22  37  34  57  79  84  88  85  33 
 33  14  63  10  77  68  52  95  79  75   3  41  60  97  75  89  70  67  58  16  85  41  92  37 100   8  77  43  99  63  52  54  24  61  17 
  1  53  34  89   2   5  96  36  82  21  80  21  53  46 100  17  62  91  43  17  95  12  28  23  69  61  31  72  86  89 100  86  46  18  60 
 63 100  48  67  76  41  77  61  76  82  48  24  22  26  35  99  28  91  56  87  79  62  55  65  16   5  83  44  80  13  67  26  69  15  50 
 57  53  75  52   4  85  84  96  16  43  61  61   7  80  70  51  91  77  74  16  42  24  10  97  69  18  11   7   4  22  30  66  88  76  95 
  4  27  65  12  67  46  66  20  88  47  52  96  29  64  31  78  76  75  18  70  29  16  71  96  91  26 100  91  82  58  28  31  12  57  30 
 19  34  18  31  87  14 100  36  14  26  78  16  35  32  47  63  16   1 100   5  76  56  58  28  59  67  45   8  95  59  22  63  91  74   1 