35
 80  32  57  69  45   5  75  60  50   3  80  30  23  24  82  49  83  69  45  73  45  11  11  50  63  56  96  27 100  82  37  26  57  90  88 
  0  83  99   6  53  94   9  98  51  50  19  78  19  96  57  57  58  68  39  37  28  88  21  70   5  58  57  15  87  25  75  82  32  18   7 
 19  51  99   6  93  57  79  50  55  17  64  42  65  18  85  18  30  53  32  66  25  71  54  17  22  61  74  38  36  34  29  23  56  46  38 
 70  51  82  20  39  35  82  92  67  18  79  22  30  16  62   6  53  35  27  50  60  40  71  91  71  84  15  91  20   4  71  69  40  57  99 
 51  89  58  64  46  63  11  44  58  34  56  60  44  84  77  84  29  27  60  61  88  37  14   1  60  68  84  76   5  99  53  86  89  46  95 
 55  13  51  69  68  14   9  11  26  81  12  82  16   0  23  70  11   9  64  19  29  10  84  65   2  53  52  76  99  40  42  20  49  89  76 
 18  75  11  78  77  80  29  25  24  40  36  84  83   0  53  27  93  19  51  37  44  46  84  14   3  70  43  22  79  82  98  41  25  42  24 
 62  13  14   5  92  11  50  13  74   6  88  83  16  48  64  61  92  69  58  64  18  12  45  74  30  73  10  36  11  93  52  62  61  85  20 
 14   3  21  29  26  86  62  92  36  16  25  66  28  89  81 100  62  90  67  76  81  95  44  82  60  47   9  63  68   3  86  33  82   3  24 
 62  40  72   5  97  69  83  41  89   9  96  13  37  71  86  76  86  17  53  81   8  86  50  94  27  42   7  89  99  86  31  36  38  97  64 
 56  43  87  12  97  80  87  45  79  52  89  71   9  70  77  98  44  76  63  59  73  64  71  46  35  51  56  47  29  79   3  75  16  69  61 
  0  16  48  37  87  55  38  58  27  77  36  29   3  32  49  94  15  92  74  29  46  60  17  10  20   5  96  80  28  55  84  84  28  66  91 
 28  93  98  81  63  42  51  45  50  67  94   3  54  29   1  26  56   8  52  76  64  98  12   9  43  97  70  99  71  30  75  41  73 100  44 
 43  29  71  92  75  16  55  71  92  29  18  33   0  97   8  42  12  94  90  92  67  71  68  40  75  88  35  58  26  54  62  42  72  72  75 
 55  64  99  51   9  80  36  75  94  60  13  38  44  97  36  28  25  16  37  61   2  33  70  86  98  52  63  57  16  33  27  77  61  97  51 
  4  93  29  93  80  23  12  26  40  91 100  75  45  70  38  42  28  36  68  42  33  32  27  60  30  55  98  77  36  89   3  43  27  45  48 
 35  52  21  20  22  13  84  33   2  39  36  75  40  61  92  31  59  50  53  57  37   1  23  70  40  86   6  78  53  98  55  23   9   1   4 
  1  15  20  46  98  97  66  57  84  14  96  18  24  60  33  63   6  38  11  59  46  72  22  45  41  23  34  88  29  67  92  38   6  13  94 
 57  22  53  89  34  77  22   5  66  32  83  66  38  52  88  81  53  80  34  55  50   9  51 100  44  89  86   2  68  82  45  12  19  92   3 
 18  95  60  64  56  98  85  88  91  39  61  31  12  17  80  80  24  92  56  23  99  58  80  58   7  65  77  66  51  61  67   2  19  79  70 
 90  84  92  70  33  74  71  93  49  94  24  45  81  49  44  78  53  38  66  19  62  89  75  94  21  72  21  67  85  23  55  73  58  26  51 
 11  10  24  44  57  23  97  44  65  21   2   4  60  35  71  12  47  23  48   5  16  72  44  72  13 100  94   2  78  72   7  11  57  38  54 
 99  63  55  96  94  51  19  44  23  49  43  37  59  81  35  41  50  45  57  34   5  25  81  86  43  75  72  97  91   5  29  62   1  33  69 
 70  71  40  15  56  22  92   7  34  47  93  11  69  45   9  35  95  89  44  29  83  42  23  97  51  88  30  71  56  33  59  67  67  15  49 
  1  78  48  57  10  55  13  12  93  73  89  58  37  50  76  28   3  48 100  97  59  31  89  96  99  54  85  32   9  29  94  46  20  27  30 
 78  48  41  57  98  39  86  97  77  91  51  44  90  92  76  11  41  26  72  41   4  12  93  20  76  89  63   6  55  80  22  82  71  29  37 
 31  50  27  65  77  92  55  62  33  70  46   5  28  51  81  36   9  37  52  74  56  93  33  85  75  52  64  13  37  59  91  63  40  82  20 
 62  38  65  65  55  66  18  29  31  60  71   8  90  82  69  33  17  23  80  87  19  60  91  45  32  72  55  93  29  96  46  18  92  17  27 
 39  59  92  70  61  42   9 100   4  42  88  80  95  21  28  64  35  14  55  77  49  56   8  56  59  10  32   5  48  14  88  22  98   1   8 
 47  25  33   0  15  90  35  32  56  50  17  50  95  40  76  39  19  20  54  82  35  32  40  11   6  20  82 100   6  38  43  84  59  94   2 
 28  61  68  93  50  56 100  86  14  38  42  61  95  95  83  48  13  49  48  84 100  97  41  81  48  67  43  87  56  14  15  70  92  29  57 
 34   7  18  94  31  50   6   7  76  31  81  60  68  72  25  53  96  45  70  38   8  52  96  15   2  13  29  61  51  62  14   6  23  21  69 
 66  37  65  92  81  44  14  63  40  81  40  97  45  44  24  52   0  41  44  74  99  21  43  93  17  30   2  16  78  71  41  52  73  59  78 
 65  34  55  48  19  57  50  87  16  29  12  56  78  75  13  89   4   4  64  63  89  20  76  94  80  15   3  48   0  24  13  87  93  49  61 
  0  39  94  21  86  32  55  95  28  42  23   9   2  30  11  25  84  20  42  35  69  62  16   6  46  16  87  64  75  11  40  40   4  71  33 