35
  6  75  26  21  89  19  10  76  12  84  73   6   9   9  32  21  89  31  18  18  75  71   2  38  97  80  26  20  27  67  87  50  79  34  21 
 51  51  83  40  34  99  68   3  43  19  99  57  61   8  90  19  19  58  62  70  91  60  35  44  54  49  25  29  50   5   1  57  85  47  91 
  2  35  95  38  67  45  38   9  60  69  96  51  23  35   1  44  36 100   7  67  39  36  69  21 100  23  55  44  15  15  17  60  45   7   4 
  6  33  28  78  85  28  23  73  71  80  36  33  58  58  32 100   4  74  55  94  41  70  60  24  18  75  70  20  17  47  95  55   6  63  64 
 72   4  34  85  77  24  74  36  50   5   8  52  81  33  78  66  70  29  73  52  45   0  86  83  47  79  92  65  80  52  49  15  50  80  43 
  3  86  19  12  86  53  23  61  33  11  15   0  65  94  47  95  70  70  23  67  75  71  46  93  74  29  86  54  71  85  78  49  77  70  73 
 65  61  70  71  93  61  70  25   1  38  28  41  59  79  97  89  79  97  79  21  19  18  22  39  81  96  36  98  41  35  20  20  82  74  29 
 73   2  52  32  97  38  17  86  50  44  18  82  69  43  25  53  26  93  71  59  95  63  71  20  68   4  74  83  57  35  59  64   0   8  45 
 53  89  97  97  95  17  46  98  51  62  82  11  66  67   8  23  27  57  44  52  58  64  19  30  52   0  37  57  53  79  48  65  59  98  48 
 33  43  66  55  46  85  72  50   0  28  92  10  11  63  93  60  93  84  64   1  36  89  12  73  88  37  66  67  24   5  62  82  86  58  34 
 19  41  44  77  41  19  41  74  83  47   7  27  36  54  46  83  91  59  31   6  75  63  65  40  88  24  72   1  65  87  21  98  90  19  59 
 16  66  34  66  25  95  60  59  97  14  14  88  51  11   5  41  59  78  67  41  25   6  99  55  20  18  74  19  32  43   9  84  75  60  60 
 97  95  49   4  68  15  88  81  63   3  18  10  37   6  80  45  64  94  99  15  40  47  71  68  26  25  29   1  81  86  44  76  87  20  12 
 37  77  12  61  42  91  79  11  52  77  54   5  46  82  25  55  24  64  25  80  34   0  89   0  78  50   6  96  24  37  21   3  19  31  60 
 74  42  77  17  56  21  85  38  98  36  75  31  60  11  50  29  49   2   8  93  61  20  88  27  77  68   4  30   9  40  79  50  38  41  10 
 64  88  79   9   6  42   6  20  45  37  53  79   2  11  73  76  83  85  20  15  52  20  74  12  42  20  30  41  94  30  73  82  90  12  89 
 59  37  38  21  60  77  80  67  44  68  99  23  49  72  84  87  96  80  23  46  12  20  88  54  81  93  95  74  12  61  95  97  17  30   8 
 64  81  71  54  25  23  66  96  26  59   3  94  82   3  22  61   8   8  52  50  33  63  44  82  72  94   3  76   0  57   5   8   3  82  73 
 37  35   8  33  25  76  67  95  65  73  69  98  15  63  49  54  99  63  12  90  75  77  62  21  19  26  13  71  91  44   6  25  64  37  17 
 63   6  54  78  32  25  87  83   8  53  91  29  78  85   7  17   0  43  87  93  28   8  30  61   8  62  10  51  66  65  55  89  46  48  66 
 82  21  58   4  60  65   3  64  62  38  50  31  92  46  97  44  81   7  45  27   3  43   5  72  83  85  83  37  32 100  16   4  20  19  91 
 38  55  87   5  46   1  10  33 100  10  26  60  56   9  39  38  20  50  11  58  99  15  10   3  39  56  67   5  92  85  90   4  40   8  61 
 44  20  41  34  25  29  43  77  45   9  46  62  21  93  57  92  47  71  78  39  72  91  16  38  48  28  37  59  59  80  78  32  32  25  60 
 19  52  59  83  99   1  20 100  91  23  78  97  65  12  68   8  25  88  55  26  78  43   8  50   4  32  24  67   5  37  74  36 100  14  18 
 47   4  86  57  92  86  25  88  13  38   8  61  96  67  69  62  47   5  24  92  60  30  96  75  32  74  53  77  84  83  27  79  12  99  49 
  0  86  51  63   7  52  30  59  58  81  64  57  16  37  68   3  79  50  89  60  90  78  49  24   8  37  60  54  87  39  79  42   0  95  81 
 50  34  60   2  31   9  99  60  31  41  43  60  43  36  83  94  10  62  89  89  46  94  38  88  18  67  50  94  98  93   3  59  19  80  55 
 28  54  69  73   1  44  35  84  28  89  52  23  44   0  96  24  96  53  43  56  68  46   2  75   8  86  47  70  96  72  25  98  21  56  83 
 84   2  70  51  46  92  84   3  29  16  66  49  34  18  22  23  48  62  15  96  70  96  44  16  97   9  70  44  16  61  11  55  65   8  52 
 52  81  35  81  38  10  42  16  44  11  29  31  69  66  96  18  13  68   5   4   9  49   9  82  47  62  59  27  67  53  84  69  18  95   0 
 88  23  32  45  11  37  59  31  39  65  50  38  62  37  28  24  45  13  65  81   3  93  85   6  64 100  72  95  57  41  32  82  23 100  72 
100   0  92  55  29  21  37  55  69  95  14  20  83  35  98  55  24  64  83   5  71  93  34  54  37   7  36  10  72  24  53  86  38  93  86 
 14  61  31  89  48   9  91  69  32  13  46  20  78  90  57  90  14   0   0  18  63  94  80  19  92  89  42  90  53  87  45  46  39  19  49 
 65  69  35   4  95  55  10  46  53  67  40  88  10  55  45  84  49  52   2  57  72  27  52   8  34  24  57  14  78  15  97  29  20  34  62 
 90  21  23  30   0  11  28  22  73  62  99   9  66  28  68  27   5  67  97  24  73  15  47  74  57  40  22  62  71  99  16  83  61  90  29 