35
 38  27  64   2  13  87  78  43  79  87  42  43  31  88  66  58  37  25  25   3  80  25  12  40   3  28  93  35  68  70  43  28  83  47  10 
 98  56  18  26  34  38  61  65  52   5  40  62  80  45  25  71  53  48  27  48  93  90  58   9  91  80  64  59  79  87   8  67  69  88  78 
 28  93  39  60  57 100  40  63   7  21  79  45  34  65  50  29  15  18  22  76  98  95  79  47  36  49  36  56  87  40  16  26  72  25  87 
 24  52  74  80  58  61  41  23  36  23  97  88   6  36  66  14  82   6  61   4  48  70  32   2  69  58  55  69  11   0  86  30  38  73  19 
 82  92  93  26  39  83  95  58   1  18   6  63   3  23  15  26 100  11  99  26  72  50  73  68  47   7  39  20  42  13  30  56  27  65  66 
 32  68  98  85  88  94   3  69  74  15  48  17   1   4  88  29  86  46 100  74  32  68  18  47  41  69  48  44  27  99  12  23  98  91  21 
 75  77  26  16   2  28  85  81  25  87  96  99  95  44  99  95  14   8  59  68  53  37  23  74  29  15  27  57  41  24  75  94  91  24  23 
 59  55   0  93  31  45  87  50  38  98  99  75   7  88  28  33  21  37  67  47   1  31  48  81  15  37  81  49  92  93  32  40   8  23  27 
 87  88  45  95  22  91  46  58  64  45  60  64  94  53  10   6  52  38  14  49  79  53  98  26  77  87   1  22  33  91   0   2  14  73  65 
 77  85  92  65  74  38  40  73  33  80  67  43   0  22  33  80  19  25  42  15  70  24  82   1  72  94  98  95   5  23  34  43   2  71  97 
 86  99  72  19   7  33  43  12  63  67  82  81  42  91  70  52   3  35  48  75  27  12  15  98  21  46  41  66   0  86  41  66  44  96  72 
 90  92  23  95  49  64  22  79  94  73  64  97  35  56  20  62  58  13  42  55  60  76  74  22  19  35   5  78  38  12  76  11  96   8  71 
 86  11  85  71   3  73  12  44  46  82  10  29   1  25  48  89  14  82  95 100  48  61  73  88  16  88  82  42   3  57  84  62  45  46  18 
 60  39  90  37  33  31   1  70  10  28  31  21  50  85   1  73  28  19  62  67  66  13  92  10  55  47  65  20  91  47  78  62  64  36  30 
 94  96  50  24  13  57  68  92   6  18  47  91  35  90  15  84  47  22   2  62  83  14  64  96  29  98  98  41  44  56  68  99  30  46   4 
  6   6  90  49  91  28  22  38  84   4  26  56  89  12  70  47   9  79  75  30   8   0  68  97   1  15  93  35  83  22  68  25   4  68  52 
 91  37  42   5  75  34  31  80  16  68  97  19  60  72   2  81  14  38  76  67  90  74  76  56  18  76  80  37  32  66   2  64  30  97   1 
 43  84  12  58   9  89  20  11  67  95  90  46   5  93   4  11   8  87  87  39  11  52  59  45  68  53  37  88  92  87  59  41  81  80  47 
 93  34 100  31  86  16  21  96  89  95  71  36  43  45  48  60  83  54  44  93  50  92  57  50  46   7  72  91  11   9   5  70  91  93  87 
 44  78  96   7  82  18  13  56  67  40  20  99  87  28  70  50  39  36   3  55  63  24   5   5   4  23  17  83  67  32  95  10  50  77  83 
 12  45  51  51  55  54  27  96  46  19  58  44  25  74  75  83  36  52  12  22  22  28  99  50  92  32  52  86  96  28  17  67  18  41  62 
 43  83  86   4  14   4  45   9  57   8  22   3  28  34  12  11   5  65  45  27  35  23  57  80  63  76   7  32  29  91  82  70  43  25  30 
 60  48  72  65  78  63  83  99  63  67  23  65  65  24  24  69  78  64  37  22  39   4  15  52  93  60  84  38  21  27  69  62  96  61  66 
 90  33  50  47  19  76  91  62  51  62  25  23  79  33  37   3  81  77  87  38  67  99  83  46  44  37  57  40  80  36  34  10  99  72  59 
 67  18 100  20  16  61  15  32  90  42  53  87  32  72  71  11  43  87  98  83  91  97  82   1  89  15  36  85  66  13  36  44  21  92  74 
 68  12  94  24  21  39  20   7  76  27  41  55  19  29  18  96  65  28  32  78  15  94  84  88  83   3  30  39   2  32  37   8  89   0  48 
 52  47  16  63  69  11  54  26  26  12  88  41  60  72  51  82  22  16  21  43  56  65  42   0   3  81  93  26  30  40  74  95  71  43  37 
 16  38  84   7  55   5  75  19 100  19  57 100  86  32  95  18  43  45   0  17  62  42  27  12  48  11  43  74  36  97  32  68  63  65  52 
 50  91  10  80  58  31  47  19  50  41  29  92  52  10  31  75   2  61  27  58  28  29  45  91  56   5  75   1   7  86  22  68  19  37  18 
 18  58  65  52  87   1   5  67  82  17   8  47  88  52  64  89  98  74  47  69  88  92  77  52  19  34  31  73   4  68  56  41   7  47  95 
 40  75  33  59  37  50  10 100  17  74  27  81  18  22  90  16   9  53   3  30  72  25  28  78  66  16  78   4  43  10  64  47  37  37  49 
 26  82  84   6  79  45  89  33  32  12  71 100  96  98  16  13  35  85  67  69  64  67   1  12  10  11  23  99  66  99  23  74  87  42   9 
 60  34  63  37  25  33  80  94  96  81  27  96  51  63  89  94  49  18  63  41  53   9  52  51   0  43  61  72  71  36  30  89  23  95  94 
 69  65  75  30  31  41  56  87  59  85  96  71  36  29  85  13  98  39  98   0  74  58  68  43  99  52  97  45  20  61  14  54  65   4  15 
 37  26  80  90  21  36  80  65  57  30  36  74  32  47  42  43  93  69  79   7  35  75  53  21  79  49  17  75  38  98  88  42  27  21  22 