35
 15   2  84  96  63  29  19  80  99  16  64  27  82  98  54  71  99  44  45  43  50  21  74   8  11   5   5  70  39   3  29  83  99  11  83 
 18   3  93  74  70   2   7  26  45  47  74  96   4   5  92  73  78  23  30  58  34  19  41  94  75  18   9  91  73  32  30   0  85  38  75 
 22  18  67  98  81  81  80  36  88  43  19  61  69  77  13  46  55  94  20  90  86  84  55  72  65  38  26  50  19   9  47  96  12  30  31 
 58  53  17  93  65  49  59  56  57  99  10  79  18  37   2  64  12   4  69   7  26  14  46  67  43  99  11  39  90  76   1  90  46  26  53 
 13  89  87  89  56  84  75  18  32  75  20   3  17  66  32   3  44  55  61  74  21  57  29  75  26  98  28  91  60   3  24  79  36   1  16 
  5  24  18  76  95  95   2  17  58  27  76  19 100  45  36  67   7  37  12  71  85   3  59  14  45  88  34  83  52  33  59  21  10   0  11 
 27  66  13  14  97  28  20  72  54  81  55   4  82   2  75  12  15  54   1  65   6  64  76  53  39  20  48  38  60   3  95  41  92  72  90 
 30  37  52  51  50  99  89  78  98  51  91  45  55  78  91  68  49  42  90  91  54  28  16  96  40  11  97   6  92  58   2  60  94  21  90 
 40  71  99  15  24   0  53  35  97  99  84  50  99  40  12  47   1   5  58  50   6  49  32  34  84  87  54  88  19  84  29  47  31  95  25 
 50  25  17  97  30  27  53  31  94  35  64  86  44  42  54  26  12  82  31  84  72  95  56  65  20  23  38  96  89  71  63  93  39  84  46 
 62   3  70  23  11  11  35  44  15  26 100  70  40  74  56   4  74  51  11  90  49  83  25  94  62  40  12  19  54  30  43  32  11  30  71 
 70  20  70  70  67  29  75  64  58   8  14  13  98  23  73  79  85  88  36  26  89  59  68  71  72  60  56  23  19  69  72  54   6  12  47 
 60  54  59  99  57  87  76  40  55  80  63  84  66  52   3  40  77  99  95  55  35  73  23  49  47  41  78  92  75   2   0  16  26  75  39 
 69  62  80   6  21  59   7  80  71  23  29  91   0  82  36  96  42  10  90  59  79  35  64  38  67  33  32  22  32  50  62  44  26  45  97 
 95  26   2  61  14  75  90  72  99  28  99  68   4  53  52  38   1  35  15  74   8   0  51  77  91  82   0  60  73  40  35  74  79  29  86 
 65   6  18  76  90  13  77  89  68  27  36  87  35  49  42  24  44  60   2  24  70  33  23   5  34  40  17  71  11  93  13  37  35  43  69 
100  99   7  11  43  59  52  60  75  87  79  19  75  37  20  73  92  52  94  98  29  57  50  44  27  93  22  88  25  90  47  98  18  80   7 
 48  25  19  35  57  43  94  87  50  44  78  53  40  61  58  50  53   7  44  10   9  93  26   1  45  64   8  45  41  89  51  41  76  88  52 
 15  47  97  96   9  10  82  82  27  37  82  16  79  94  18  18  73  11   5  26  69  26  61   4  86  15  62  71  83  18  34  83  92  51  26 
 59   0  69  46  46  66  16   6  73  97  50  79  30  19  76  42  57  96  20  36  70  50  25  47  72  48   6  95  41  98  55  80  29  66   3 
 13   7  24  60   9  54  24  15  32  25  77  38  66  87  81  67  99  93  55  32  44  13  20  31  31  93  85  27  55  99   9   1  45  75   2 
  9  75  63  12   3  51  50  12  72  85  83  50  59  65  46  36  40  65   1  51  57  47  21  44  53  85  79  34  43  45  60  30  82   8  19 
 67 100  14  31  77  88  63  92  31  25  13  55   2  93  73  90  96  97  25 100  33  86  48  23  38  47  39  37  78  75  37  76  93  14  46 
 24  88   5  67  21  82  99  66  83  95  19  86  43  33  76  29  26  38  59  40  81  38  28  13  81  39  44  34  88  26  57  75  34  66  49 
 39  15  18  61  28  33  21  48  47  84  32   4  86 100  88  73   8  92  79  82  85  81  32  47  15  89  29  70  17  27  60  67  83  57  85 
 14  61  51  91   5  49  32  42  17  39  45  29   5  47  11  98  59  86  55  21  64  63  76  82  74   2  60  71   2  93  21  21  56   4  35 
 78  45  20  12  66   4  45  69  45  79  61  77  37  14   5  21  87  64   0  42  91  58  31  32  46  29  60  73  62  51  52  92  40  54  97 
 69  25  40  57   8  87  84   3  81  49  81  21  66   6  60   4  77  89  38  29  57  60  94  94  75  63  51  42  39  49  71  56  25  89  73 
 18  60  54  21  32  93  79  52  91  86  32  11   0  63  48  99   7   1  29  50  49  93  31  94   2  61  18  37  75  18  92  97  85  21  93 
 22  93  62  20  89  55  44  46  72  42  72  92  23  39  75  30  61  76  18  81  45  79  60  98  19   7  12  75 100  39  31  64  10  24  72 
 67  60  60   9  97  70  41  52  22  76   4  56  33  25  29  63  99  17  29  53   9  33  84  47  23  77  39  66  79  36  77  21   6   5   1 
 29  94  13  67  71  69   9  34  59  67  67  32  89  71  94  38  69  54  81  84  70  87  56  43  75  55  66  66  89  60  15  29  67  42  65 
 48  67  61  78  80  82  57  86  90  55  52   0  64   0  11  20  52  19  93  89  24  46  24   3  65  45  23  15  45  69  88  84  78  55  70 
 40  43  93   2  66  26   6  63  81  17  99  74  87  56  57  58  47  24  60  84  44  18  89  86  32  28  46  85  56  65   4  34  83  60 100 
 25  51  69  94  74  24  60  89  54  28  19  11  68  79  38  86   6  81  35  91  62  91   3  12  31  59  17  61  32  98  54  75  88  97  72 