35
 76  57  48  81  12  14   9  60  70  65  65  34  98  98  25  39  27  74  82  18  95   6  74  76  24  48  59  63  87  70  65  42   6   7  58 
 17  76  50 100   8  70  89   2  10  60  62  39  86  25  88  66   3  36  28  20  85   5  90  66  42  46  31  11  95  45  77  69   6  17  46 
 89  82  57  39  75  73  69  18   9  39  37  11  69  35  72  33  71  10  27  84  21  90  43  77  60  92  23  32  66  40  32  25  14  92  19 
 55  69  89  32  42  61   7  23   3  57  31  58  25  82  61  13  80  76  33  92  55  37  62  14  53  47  32  62  11  72  36   8  33  14  51 
 50  75  78  54  65  48  61  92  38  84  93  87  93  22  28  85  19   5  92  23  17  21  68  73  36  43  41  46  80  46  15  85  59  18  12 
 46  15  91  82  88  55  30  92  22  78  70  96  80  23   2  68  12  68  23  75   3  88  28  72  34  41  15  22  76  55  33  34  80  51   4 
  6  95  16  69  96  91   0  85  43  23  27  45  18  56  83  87  51  12  44  82  46  55  64  47  57  18  13  11  83  72  38   6  37   3  85 
 66  26  21  46  90  44  14  48  78  38  60  75  79 100  72  65  17  93  77  52   6  92  33  98  20  74  52  32  86  23  42  16  69  84  44 
 27  35  42  19  13  61  68  57  93  96  38  32  95  67  78  89  80  69  58  18  43  19  45   6  74  29  46  48  31  85  92  71  52  75  64 
 62   8   3  89  48  20  46  46  68  16  29  36  53  56  78  19  92  17  12  97  54  17  77  37  69  94  58  13  75   5  56  21  98  43  23 
 85  79  62  29  49  93  57  16  43  17  37  29  42  39  16  80  36  73  34  94  67   4  59   4  85   2  86  40  32  16  17  55  33  47  76 
 21  24  86   6  71   7   1  73  53  66  54  62  14  88  40  47   3  97  95  25   5  28   9  11  51  73  97  74  21  77  20  50  16  19  13 
 48  63  28  50  99  93  44  82  44  66  58  81  18   5  81  80  86  72  85  86   7   7  37  63  61   4  84  67  67  81  84  50  12  14  86 
 15  77  60   5  67  83  10  22  36  94  26  93  11  85  51  29   4  99  24  57  37  75  10  11  68  14  38  36  15   3  83  54  43  55  84 
 86  12  49  63  41   9  24   2  59  61  83   9  71  52  43  14  85  25  92  66  10  29  23  24  50  30  63  34  47  81  88  40  61  96  66 
  7  90  38  46  45  96  82  56  43  49  96  44  46  78   7  84  53  91  24  46  76  79  76  84  85  58  58  62  25  42  91  80  58  38  87 
100  28  15  51  72  79  56  23   0  96  70  36  92  84  23  76  75  97  17  80  93  95  67  30  93  60  86  40  25  59  41  82  32  47  51 
  0  72  53   6  79  13 100  90   9  51  66  16  94  39  96   4  93  15  49  36  11  44  42  67  68  96  31  33  52  40  73  93  88  79  86 
 85  64  75  39  42  88  82  79  45  96  62   8  33  22  11   5  44  10  87  78  78   2  81  49  87  45  60  52  71  86  70  46  61  19  51 
 81  89   2   1  82  74  40  84  80  33  20  71  49  12  11  34  93  45  97  39  22  26  83  42  70  99  45  51  19  15   1  76  90  41  95 
 79  99  81  68  59  59  81   3  68  24  94  44  59  35  77  85  71  96  57  77   1   9  15  60  92  79  89  11  22  20  54  26  28   5  81 
 65  39  49  12   7  50  64  89  80  76  47  20  38   9  54  29  75  51  41  58  66   8  60  60  63  31  18  97  44  71  43  78  39  61  31 
 35   3  66   8  79  94  77  32   1  46  18  94  50  89   7  48  58  24  25   4   2  15  80  66  53  33  57   4  55  33  69  66  23  62  73 
 93  70  11  94  26  48  23  74  16  43  15  68  44  95  71  28  63  97  56   8 100  96  67  57  85  58   1  81  39  52  64  41  45  70  51 
 84  85  71  21  13  52  57  80  68   2  65  27  38 100  45  65 100  45  92  60  64  18  74  32  67  86  49  14   2  51  89  81  67  42  31 
  1  69  86  50  30  13   9  46  85  48  81  56  82  50   6  12  53  41  30   5  56  51  97  71  42  69  96  24  80  78  78  49  88  10  13 
 39   7   6  26  99  71  26  88  60  87  34  95  60  29   2  84  60  12  88  48   3  19  40  94  83   2   1  19  34  70   3  94   6   9  91 
 89  91  27  97  26  44  93  30  71  13   2  55  13  91  15  91  44  13   6  51  45   5  29  98  98  60  43  93  13  98  26  70  33   9  67 
 53  40  29   3   9  29  88  99  82  63  94  55  40 100  57  81  52  37  65  86  59  43  65  75  23  22  43  78  68   8  18  37  33  70  34 
 25  62  74  48  60  63  73  80   3  65  11  61  61  51  67  35  34  79  49  14  45  41  59  46  86  83  95  53  92  63  58  32  26  44  95 
 90  89  14  89   7  76  69  88  34  62  82  25  89  13  22  85  66  36  33  21  36  54  16  52  61  98  44   1  46  38  24  93  33  95  21 
 67  57  70  56  50  17  55  70  48  86  49   0  42  85  77  68  37  49   1  73  25  75  41   0  76  75  70  10  97  42  20   1  39  57  95 
 22  52  30  50  57  43  71  97  23  98  46  64  14  53  28  63  22  37  20  63  64  62 100  56  45  83  97  96  74   0  32  46  94  96  10 
 62  24  85  25  39  40  77  34   5  33  97  73  73  24  95  26  26  13  70  10  36  62  77  74  43  41  13  58  43  52  38  60  50  40  96 
 77  58  65  79 100   4   2  17  81  81  41  60 100  46  77  25  47  49  22  33  66  54  22  23  79  89  22  92  94   0   1  86  22  88  41 