35
 92  12  41  17  48  49  15  28  80  46  97  95  31  26  95  48  24  52  35  29  50  82  70  71  44  67  71  78  49  25  64  73  83  95  71 
 57  82  47 100  80  84  82  91  81  12  20  83  28  70  93   7  17  82  17  61  43  96  45  87  82  57  60  15  48  64  62   0  84  47  17 
 17  90  98  96  86  94  98  75  13  50  19  31  84   1  44  35   5  59  47  87   9  12  61  22  72  74  11  66  84  69  43  93  78  59  83 
  7  65  15  93  80  95  91  59  87  16  27   1  74  23  26  96  57  22  29   0  14  59   5  72  16  48  88  59  48  68  70   3  87  15  95 
 77  39  45  45  85  40   6  90  63   4  88  59  80  93  83  73  40  47  94  53  70  13  99  82  12  35   2  81  23  44  31  77  61  58  92 
  8  37  67  48  77   3  63  96  48  85  62  15  14  72  32  81  66  97  41   9   7  81  83  57  33   2  60  28  17  20  63  36   3  85   4 
 69  13  59  32  34  96  82  49  53  60  47  84  71  87  65  57  51  50  84  41  51  60   5  98  86   1  60  40  61  45   8  49  29  32  84 
 78   7  22  65  89  69  26  88  35  30  67  94  90  83  34  31   2  97  18  94  52  27  32  73  10  96  21  86   2  84  40  20   5  43  48 
 53  79   7 100  95   3  66  88  37  13  25  58  61  98  46  69  15  15  68  53  57  14  32  65  71  22  46  56  58  69  66  29  16  35  28 
 40  24  32 100  48  76   8  77   1  71  97  47   1  73   2  59  22  21   3  11  99  50  89   0  36  13   0  62  10  77  34  23  11  32   0 
 88  83  75  89  39  62  82   0  60  30  14  37   2  95  18   9  62  43  15  88  79  55  93  92   9  83   8  39  94  66  43  16  41  21  43 
 45  10  33  52  39  99  81  63  88  46 100   7  30  67  39  60  89  68  91  91  34  78  21  69  64  11  95  71   1   7   7  24  83  49   9 
 72  39  73  84  48  84  71  27  15  94  16  60  79   5   1  41  68  34  27  31  72  85  32   2  17  95  72  40  28  85  57  98  91  18  30 
 64  47  25  87  52  56  24  73  10  80  37  65  96   8  98  42  48  17   5 100   3  95  81  98   0  18  56  12   5  20  68  17  48  83  51 
 28  62  28  14  81  65  84  72  90  95  74  53  74  28  29  97  91  89   2  33  46  83  38  89  49  79  93  94  63  52  55   1  22  69  27 
 36  88  81  98  19  24  30   2  65   7  21  46   0  18   7   4  24  20  46  89  39  41  75  55  75  88  25  83  70  91  49  93  75  98  37 
100  20  15  53  78  33  43  35   6  62  77  21  97  15  33  19  91  71  15  81  83  71  99  64  78   6  58   4  74   4  49 100  47  72  85 
 43  84  65  13  25  51  51   1  97  92  34  94  86  94  43   6  51  15  60  42  15  14  63   3  42  34   8   4  53  91  94  43  33  65  46 
 57  21  25  75  12   9  72  86  87  37  97  36   0  29  41  75  84   6  39  80  29  60   4  80  39  29  88  22  29  47  87  82  48  81  99 
 82  25  82  44  35  84  95  71  93 100  29  21  19   5   4  80  42  40  35  47  66  63  94  65  31  13  18   3  96  37  72  49  85  26  57 
 45  41  55  30  82  62  23  43   0  84  47  63  70  90   2  26  93  32  66  53  34  47   5  20  10  19  40  53  91  41   8  70  12  79  98 
 46  97  96  20  20   3  24  16  17  54  75  64  21  76  75  63  81  51  73  87  36  27  11  49  17  96  84  52  30  67  91  54  59  90  63 
 98  65  80  39  24  63  39  80  10  44  49  62  15  35  95  89   5  85  63   1  48   4  54  63  32  48  90  37   7   7  19  51  69  87  46 
 81  62  49  39  12  39  52  97  50  79  10  84  20  94  54  42  89  27  53   5  12  48  37  90 100  91  74  73  74  15  83 100  97  39  11 
  5  31   9  31   8  88  37  11 100  39  49  84  86   2  93  42  50  43  55  64  62  77  42  33  93  25  59   5  76  53  88  42  44  87   7 
 37   8  78  87  50  28  17  43  68  33  26  21  39  66  96  50  35  72  31  88  17  68  52  25  92  96  86  41  69  74  92  61  52  41  75 
 36  18  67  99  29  45  87  27  72  97  79  94  30  29  30  45  45  51  31   7  95  71  43  97  43  12  67  60  83  72   5  44  69   4  18 
 94  65  36  29  93  57  81   5  64   1  32  13  84  43  39  23  17  44  13  55  28  87  58  97  97  27  47  67  32  92  45  79  83  16  17 
 41  67  91  66  58  59  68  11  38  31  11  94  46  96 100  46  74  96  55  75  72  81   0  44  36  88  81  58  45   1  94  45  21   5  77 
 97   8  58  84  67  63  44  78  49  44  76  81  53  88   4  68  87  68   9  83  63   2  20  91  37  41  91  40  31  72  67  77  42  78  23 
 11  34  26  12  14  55  97  91  11  42  58  45  63  87 100  64  55   2  84  74  37  46  36  24  22  32  72  14  34  93  92  47  41  25  31 
 95  74  53  44   4  90  45   0  74  81  44  28  12  75  82  89  63  25  39  51  26  23  31  15   0  80  58  80  25  37  96  97   6  88  56 
 89   1  10   2  33  28  99  51   9  34   3  81  89  56  68   2  32  34  88  36  55  52  15  74  56  82  63  34   6  59   6  89  63  24  50 
 85  41  85  54  95  17  80  57  93  13  65  95  72  24  32  54  34  74  23  82   7  22  70   8  96  92   7  89  57  18  63  73  50  67  27 
 21  63  78   5  16  58  10  42  12  55  79  72  37   2  34  36  84  22  64  71  46  78  36  89  72  81  36  48  67  51   2  61  39  55  24 