35
100  78  80  61  82  91  75  68 100  87  61  12  90  14  97  20  26  33  48  34   2   7  49  48   9  62  70  97  61  24  21  82  77  95  15 
  2  45  28  47  55  86  29  27  84  49  75  14  61  44  81  11  39  43  75  66  15  71  35  30  44  32  48  37  99  58  98  39  78  40  52 
  8  48  67  79  66  49  66  99   4  94  54  46  63  91  94  81  89  83  20  40  47  71  13  34   7  45  94  45  58  60  54  57  48  44  47 
 50  61  39  37  93  57  96  67  18  15  45   8  24  84  16  55  68  42  70  58  28  24  32  18  10  26  66  39  73  19   5  44  58  60  71 
  5  40 100  17  31  34  90  17  60  52  87  48  56  18  95  85  62  95  70  85  20  81  26  59  88  98  80  99  12  44  58  26  91  58  71 
 42  46  88  62  37  57   9  42  71  32  92  54  36   7   3   5  72  74  84   6  25  53  15  20   1  28  83  37  27  77   9  92  76  16   5 
 37  62  53   5  68  95  35  97   6  27  27  55  85  61  47  81  54  33  75   5  87  10  20   6  45  23  29  77  39  92  20  66  14  28  40 
 77  19   8  25  21  74  75  99  68  31  14  67  62  11  70   4  31  37  18  59  82 100  35  78  30  67 100  39  92   5  88  66  30  78  37 
 10  12  83  25   4  56  25  18  93  96  74  18  19  25  56  91  35  19 100  48  61  53  62   8  98  60   9   1  60   1   8  86  92  28  25 
 10  78  48  96  16  85   4  69  32  67  43  30   1  95  42   1  47  96  68  97  22  95  97   2  97  99  29  64  34  99  78  91  24  60  67 
 29  23  16   3  60  13  65  78  98  20  49  62  43  71  37  22  73  39  90  78   1  95  61  69  32  43  13  58  23  42  18  47   6  97  28 
 97  98   7  89  65  70  20  47  47  68  34  75  19  80  55  54   8  33  49  39   3  49  27  73  13  31  12  96  63  52  87  44  91  62  34 
 56   9  19  90   3  34  68  21  58  84  83  56  45  84  73  26   8   9  78  21  65  43  53  46  26  66  82  39  26  82  87  69  20   0  84 
 28  54  88  73   5   5  21  56  65  13  47  85  45  65  76  39   9  51  50  87  74  56   2  92  58  77  51  31  48  70  38  40  18   7  58 
 67  50  41  53   8  39  16  19  99  67  49  89  68  95  93  59  25  96  18  57  55  10  45  22  26  58   9  44  12  86   9  96  17   0  73 
 58  44  63  16   1  12  63  99  77  93  44  17  88  74  91  89  94  85  79  61  26   8   4  47  87  28  19  26  96  58  10  12  70  95   5 
 25   7  55  58  12  11  81  12  29  40  35  69  39  92   3  58   9   7  22  85  40  71  18  74  41   0  15  25  22  32  72  56  33   1  82 
 89  64   5  88   9   5  35  95  81  44   7  87   6  47  27  37  70  21  96  86  13  14   3  93  95  74  37  83  46  98  78  60  26  74  97 
 56  95 100  60  27  54  15  59  94  33  80  21  64  27  44  91  93  40   0  76  27  45   6  83  32  55  23   2  89  47  98  24  33  75  59 
 90  38  11  15   5  59  10  21  16  42  62  24  94  30   1  58  99  91  42  67  76  81  49  63   6  98  23  14  96  42  60  86  91  79  53 
 62  56  52  24  41  30  93  51  68   4  34  30  69  32  10  65  53  27  31  39  97  68  44   2  84  26  88  76  98  37  33  68  90   8  22 
 58  37  25  38  37  41  92  31  97  89  14   9  84  43  35  93  96  28  72  18  48  84  22  11  86  30   5  59  93  83  93  26  28  90  54 
 73  23  18  54  94  87 100  83  96  31  94  34  16  64   1  79  64  93  91  24  63  50  74  26  43  64  58  65  22  88  48  15  28  42  12 
 12  18  80  40  45  55  11  15  45  11   2  46  53  65  72  90  66  71  81  26  67  71  14  21   6   9  22  89  48  21  73   2  53  49   4 
 21  30  80  86   2   6  49  95  87  78  37  66  52  52  51   2  44  97  67  71  78  69  64   8  26  92  31  72  35  27   8  50  19  13  46 
  7   4  77  12  54  27  12  16  29  83  35  92  35  25  14  83  75  48  25  42  41  42  86  73   6  11  27   7  81  87  49  86  80  65  95 
 84  46  33  81  47  91  97  24  38  42  18  62  40  49  52  38  97  23  59  58  83  99  56  32  82  38  95   0  96  67  85  77  20  43  56 
 48  70  91  90  20   3  57  76  10  69  15  69  30  69  63  51  39  58  20 100  44  99  11  95  23  60  74  75  28  39  84  83  77  88  16 
 92   1  78   2  82  85  84   7  10  83  24  56   4   2  35  43   8  12  49  23  16   6  20  15   5  51  52  40  42  85  24  46  12  95  68 
 20  73   0  23 100  57  85  41  25   4  31  79  45  68  52  57  24  71  56  50  76  22  38  92  27  59  65  77  64   8  77  31  73  38  87 
 89  32  94  96  72  86   4  76  65   1  37  61  56  41  44  36  64  74  70  13  68  15   4  15  11  79  50  12  44  49  46  32  85 100  77 
 43  28 100  17  70  73  18  87  49   2  42  84  83   9  29  11  32  36  67  53  56   5  56  88   7  56  83  81  80  77   8  86  68   8  11 
 99  57  25  21   4  23   7  30  36  30  43  80  71   6  49 100   0   2  12   0  50  57  92  43  31  41  67  65  73  15  87  42   3  96  18 
 67  77  89  96  77  86  12  30  94  84  45  11  68  18  82  95   2  60  16  23  34  26  70  25  28  87  94  80  74 100  82  75  79  79  53 
 80  40  47  43  71  14  47  43  29  73  11  57  56  28  12  16   6  31  81  54  95  19  49  17  50  72  63  83  19  86  95  80  97  65  90 