35
 81  21  13   1  83  19  69  78   5  98  39  76  76  16  87  71  81  49   4  38  85 100  47  77  21  21  10  81  88  55   6  78  27  95  91 
 98  23  25  67  26  82  63   2   4  57  44  83  74  87  34  35  63  15  18  21  17  49  20  36  87  74  85  93   3  51  50  22  35  25  80 
  8  63  98  48  88  23  27  57  25  87  48  89  13  64  34   4  38  70   5  43  19  25  78  25  29   8  40  99  23  86  30  97  86  95  37 
  3  45  96  23  30  30  14  64  93  91  84   5  61  87  51   0  84  81  57  79  55  68  70  28  75  63  69  53  44  80  38  56  13  80  25 
 40  63  37  57  64  90  23  52  55   1   1  29  88  49   9  40  59  78  54  76  41  32  20  72  70   2  87  59  19  32  62  50   0  91  96 
  1  62  59  45  56  91  71  78  53  42  33  58  75  46   9  99  21  84  75  89  93  32  23  96  88  77  96   9  27  41 100  82  87  96  44 
 12   8  95  62  30  10  23   8  78   3  97  69  59  21  30  60  94  54  49  39   1  86   8  27  74  49  71  19  70  44  76  11  47  98  67 
 89  25  64  60   5  90  20  87  52  10  69  94  43  46  77  65  10  43  73   8  67  14  75  95  35  82  44  98  39  46  96  89  77  92  50 
 89  45  76  96  16 100  15  91   5  51  24  96  75  93  58  21  29  78  73  48  90  30  19  38  71  52  64  64  31  57  76  25  58 100  86 
 45  78   1  47  46  26 100  40  61  16  99   0   2  43  22  40  66  96   9 100  25  81  22  35  43  25  84   0  63  71  89  17  92  22  78 
 68  10   5   0  66  57  26  68  39   0  56  72  51  11  81  85  77  54   3  36   1  27  33  32  10  98   3  53  64  96  92  69  61  82  57 
 87  23  97  86   6  33  68   9  15  24 100   9  69   5  66  77  64   5  76  33  28   1  71  52  91   7  14   7  11  44  72  82  93  17  38 
 49  11  76  90  72  77  95  32  16  97  82  32  13  84  33  80  18   9  14  49  32  19  56   3  88  42  61  60  23   1  27   1 100  55  12 
 96  70  49  86  82  26  60  37  16  80  34  27  35  38  37  26  20  84  42  23  33  28  17  91  94  58  29  86  52  37  84  16   9   9  83 
 77   8  90  55   7  97  38  97  12  91  63  79  96  88  81  97  73  45  77  99  54  10  83  66  89  65  59  96  93  98  47  36  85  90   5 
 38  51  18  95  46  44  89  62  84  10  22  95  74  75  21  97  89  54  23  58 100 100   6  41  47  66  60   7  28  13  11  44  70  33  35 
 90  49  86  72  56  25  54   6  76  11  72  59   1  58  45  93  29  39  74  69  32  51  10  22  99  59  17  14  53  43  80  11  72  17  11 
 91  25  16  39  69  94  47  32  26  66  96  43  29   4  84  41  31   5   7  39  52  21  37  53  11  21   8  25  83  47  28  51  29  89  82 
 32  41  99  36  43  27  65  93  15  37  80   6  61  48  90  28  69  45  22  12  98  98  74  70  76  13  57  92  34   2  69  42  68  23  42 
 10  33  34   3  11  17  97  36  71  32  19  36  49  39  43  18  14  96   3  16  13  26  19  76  12  59   9  66   1  44  44  22  72  36  55 
 91  55  99  14  82  72  52  19  80  78  81  44  37  81  86  81  75   7  48  64  63  32  13  75  86  66  50  27  51  10  50  40   4  54  34 
 27  71  80  72  31  32  26  13   1  84  70  58  70   0  37  70  16  94  81   6  25  31  80  35  84  43  69  84  28  82   3  56   6  73  27 
 77  91  86  85  51  17  29  73  75  95  51  18  39  72  91  28  75  53  21  31   6   6  36  38  10  45  63  30   0  15  82  63  14   1  68 
 29  21  70  79  72  62  31  44  39  21  75  67   5  35  44  11  72   4  87  59  61  19  35  87  89   8  96   5   4  33  75  15  42   2  76 
 97  10  70   2  57  40  39  21  69  29  83  23  81  55  94  96   8  73  98   1  87  10  88  12   6  95  39  70  89 100  37  20  71  32  83 
 58  94  88  64  13  13  80  16  39  77  70  83  52  25  90  17  85  74   6   3  58  21  90  82  94  10  66  11  14  12  83  41  48  89  66 
 90  72  72  89  73  36  81  38  65  41  39  78  25  17  53  84  36  83  75  94   9   1  83  72  53  79  69   4  32  36  52  89  89  22  13 
 59  78  59  95  58  43  48  99  29  54  98  20  96  55  31  24  42  24  99  20  93   8  16  99   1  92  55  97  68  12  29  31  49  60  97 
 95  57  34  58  98  94  92  90  55  75  49   1   5  97  28  19  30  65  76  97   4  44  76  81  11  41  15  84  67  96  48  36  51  54  71 
 35  36  91  69   1  99   8  81  68  30   9  35   1  44  92   4  27  21  81   2  16  95  95  96  66  17  18  30  98  19  72  37  14  19  57 
  5   4  71  96  12  82  60  77  46  16  26  38  27  56  63  69  40  82   6  38  12  25  74  72  31  93 100   4  62  87  91  62  11  14  90 
 39  90  97  16  19  20  86  31  34  23  93  94  75  60  29  68  18  82  10  91   2  37  22  41  66  96  61  59  28  63  48  61  41  80  27 
 31  34   8  38  29  54  30   0  64   7  55  14  12  86   8  40  51  40  69  62  95  15  68  11  90  80   8  47  62  87  47  59  98  69  19 
 56  81  43  61  79  10  72  81  39  55  72  60  40  76   2  75  81   0  90  84  15  43  17  49  97  84   3  46  73  37  78  33  45  12  71 
  3   3  83  44  86  26  58  25   0  53  27  75  26  83  24  31   3  26  34  45  73  21  45  46   4  88  45  33  66  94  11  40  89  64  33 