35
 85  66  93  40  97  63   6  86  84  97  30  89  27  72  56  92  46  23  33  88  97  11  45  64  86  74   6  59  65  36   8   9  33  99  51 
 51  17  37  40  27  61  96  55  94  52  31  80  50  60  47  52  42  91  34  64  97  20  99  11   1  34  80  79  28  64   2  87  20  94  14 
 11  74  92  70   6  25  36  97  29  85   3  72  82  25  30  78  98  12  30  69  72  67  23   5  40  97  65  48  42  78  88  39  46  90  75 
 23  83   5  41  78  32  57  86  13  40  63  33  95  57  45  47  66  16  97  83  56  44  95  48   0  85  62  40  47   2  55  60  44  46   1 
 21  62  87   9  11  87  44  60  50  36  27  60  92  39  97  92  50  31  24  94  93  51  58  22  66  19  67  51  19  14  48  66   0  45  46 
 44  60   2  50  60  97  31  25  22  76  42  52  79  10  68  16  82  78  20  37  84  65  33  11  56  34  73  32   8  48  57  80   6  51  77 
 67  81  49   3   1  60   3  24  70  52  29  15  48  62  26  96  98  46  81  72  72  19  97  81  66  91  64  48  40  42  61  84  95  64  46 
 68  33  35  30  25  12  79  21  61  11   3  44  97  36  41  14  55  18  49  21  45  80  23  49  99  27  30  87  54  73  72  70   0  18  72 
 30  56  38  11   5  26  40  21   9  33  65  53  67  19  95  69  34  60  66  29  21  65   5  81  34   2  73  12   1  83  71  25  98  89  54 
 95  22  27  21  41  33  35  61  80  79  24  28  76  29  78   1   3  94  31  31  28  25  23  54  49  55  40   2  67  35  73  52  13   7  43 
 29   2   3  70  69   9  83  80   5  35  34   9  16 100  41   1  21  81  17  21  89   3  25  31  18   2  89  90  89  97  24  86  10  41  50 
 38  91  37  93  33  51  65  62  61  32  14  38  33   7  63  60  92  88  27  76  46  49  95  28  60  57  76  30  34  34   8  45  36  40  12 
 49  15   8  44  45  18  95  21  77   6  47  83  83  51  80  74  29  41  80  78  66  41  63  74  96  34  69  72  66  51  76  77  11  15  76 
 19  17   4  37  24  43  32  87  84  32   6  41  54  54  44  77  14  55  18  43  46   8   3  57  65  28  11  36   7  35  95   7  86  68  93 
 91  50  85  50  71  55  24  32  13  71  51  51  88  30  71  63  87  97  87  53  81  70  66  63  25  13  92  52  21  22   3  88  96  99  47 
 85  20  78  95  64  31   5  58  93  39  33  37  49  11  78  59  61  28  33  95  38  66  87  58  91  37   1  61  22  91  55  65  90  10  46 
 86  18  43  24  62  12   0  70  50  77  85  85  82  33  54  15  66  65  63  38   5   5  25   2   8  57  39  46  45  83  70  15  87  26  53 
 14  30  47  35  40  69   9  95  95  91  81  21   6  82  38  38  86  23  26  10  59  87  71  79  87  87  88  53  47  41  34  46   9  21  71 
  0  80  92  62  33  44   7  15  82  80  23  11  51  62  29  77  47  43  83  90  53  70  89   2  98  93  39  96  60  17  41  24  74  50  17 
 40  50  56  71  88  39  15   6  75  62  22  98  17  46  61  60  68  15  26  44  29  58  22   5  95  83  64  85  85  98  84  15  69  50  25 
  7  34  82  53   3  22  21 100  31  62  32  51  65  96  69  16  19  59   0  23  74   6  45  75  38  64  57  71  45  67  68  49  11  71  57 
 39  54   4  63  42  16   5   0   5  81  80  99  23  37  19  89  45  50  82  28  89  62  63   6  95  88   7   4  55  66  53  90  83  67  62 
 57  57  20  58  99  96  70   6  64  33   0  11  63  58  51  12  32  70  99  53  71  15  51  30  44  18  76  72  12  11  70  16  20  51  91 
 18  30  29  25  39  96  19  13  43  38  51  60  37  55  91  11  81  55  73  24  82  84  69  56  29  89  58   2  94  51  75   9  57  93  21 
 82  66  36  42  71  18  44  62  85   9  26  15  24  60   3  40  12  89  69  36  37  79  47  50  57  68  32  20  40  18   9  86  78  46  50 
  9  64  20  65  62  25  16  32  79  50  84  61  58  77   5  41  99  35  47  16  92  42  19  27  25  76  88  10  44  46  63  26  51  14  60 
 46  76  86  52   5  53  82  53  98  27  83  92  63  43  19  96  57  26  24  68  85  29  35  78  45  81  78  20  27  62  14  94  17  27  20 
 97  41  26  11  90  69  93  51  50  86  16  89  27  66  76  12  82  13  76  37  94  44  41  12  18  92  36  74  10   3  29  69  52  82 100 
 82  61  77  48  11  38  26  74  59  83   0  22  73  84  97  62  72   6  82  71  56  86  84  42  92  11  79  64  14  16  61   3  94  67  56 
 84  27   3  76  83  25  28  42  50  97  71   3   1  43  34  30  11  79  77  24  33  13  75  97  99  43  68  45  18  29  36  13  89   9  37 
 56  75  98  42  14  47  86  30  17  35  64  60  74   2  80  21   7  58  89  36  70  56  71  70  13  40  80  86  87  28  87  99  90  88  29 
 46   5  68  51  94  49  14   9  87  72  91  41  93  75  38  49   6  52  92  55  86  37  80  45  52  20  82  28  40  88  48  22  16  96  81 
 29  71  44  53   3  75  54  23  22  28  18  35   9  86   1  38  98  76  30  55  71  56  63  80  97  67  69  89  64  52  43  77  24  57  43 
 55  12  73  77  16  33  84  60  37  45  17  29  92   8  81  32  88  66  25  64  76  16  42  91  27  61  64  51   5  79  29  92  70  99  32 
 11  72  25  60  86  62  95  44  55  99  75  42  75  50  73  18  16  93  80  84  37  39  36  98  54  27  36  68   8  78  31  14  84  42  93 