35
 38  83  45  41   1  67  34  86  62  56  39  83  53  20  11   6  13  33  66   4  39  27  87  35  54  47  72  19  36  27  79  13  21  29  35 
 63  51  50   1  26  20  88  51  17  70  55  43 100  45  24  65  61  64   5  83  84  60  60  52  84   8  11   4  58  93  40  43  20  33  41 
 86  21  70  31  57  58  71  72  24  25  57  48   8  76  31  65  23  28   4   8  46  71   7  72  36  14  48  44  63  85  93  45  64  54  91 
 43  29  62  97  11  18  64  85  52  14  98  24  23  85  73   7  95  67  71  74  60  24  48  55  54  59  12  13  58  68  56  52  91  77  77 
  5  10   4  60  38  70  91  25  92  50  91  13  13  88  81  97  55  40  54  12  11  49  37  63   6  82   5  52  59  28  54  85  95  13  58 
 18   9  20  64  30  93  34  69  99 100  35  23  89  42  86  53  13  75  16  46  46  65  99  31  52   6  18  31  33  89  22  45  11  35  85 
 28  99  97  67  67  19  53  33  25  35  47  35 100  84  19  69  76  36  84  47  74  18  49  81  76  92  12  99  42  64   2  32  61  57  98 
 35  58  53  49  92  86  47  71  47  99  86  49  18  54 100  77  29  92   9  52  64  40  44  48  57  99  64  63  67  18   6  21  50  47  65 
 37  10  82  41  31  90  85  92 100   1  45  51   4  91  64  73  52  46  56  33   3   1  79  31  76  57  65   6  54  33  54  79  15  95  41 
 62  67  36  75  90 100  95  90  37  37  56  83  12  80  22   2  74  89  95  41   0  84  80  15  97   9  32  39  27  76  12  86  39  70  39 
 11  67  89  90  64  96  74  95  53  75  51  88   3   4  91   8  52   1   9   8  85  67  19  26  36  75  27  41  79  28  84  77  68  20  38 
 92  90  26  91  27  57  44  66  30  21  17  61  43  74  68  47  38  23  94  87  53  68  99  97  87  97  28  86  37  52  18   0  76  13  91 
 95  87  88  98  93   3  15   9  37  13  10   8  70  17  97  29   1  30  84  19  78  36  98  83  50  68  30  61  42  27  29  55   8  11  39 
 53  48  86  32 100  29  63  16  18  21  12  57  46  61  28  82  81  72   7  81  94  68  23  77  63  81  47  39  48   1  12  87  35  14  39 
 57  64  12  42  77  83  88  82  69  29  96  92  39  23  69  96  18 100 100  61  10  48  43  51  81  44  13  77  35  27  16  97  11  81  53 
 11   7  62  10  56  11  62  62  27  96  68  95   7   1  45  44   7  50  56  91  64  54  21  64  74   4  61  66  43  69  86  21  13  21   1 
 58  84  98  88  89  84  51  16  62  76  85  53  19  41  99  40  20  21  41  23  28  92  89   8  67  29  38  58  30  21  57  21  24  22  25 
 96  71  64  73  92  33  17  70  99  50  34  74  37  71  14  83  13  85  53  15  52  99 100  13  79  46  40  41  12  76  64  33  51  50  18 
 19  44  59  58  41  78  22  68  81  70  31  79  68  62  48  65  48  31  97   4  55  10  54  53  14   8  91  17  67  55  17  80  58  52   2 
 90  49  84  95  68  29  98  82  74  75  52  47  86  54  90  93  35  95  26  44  96  37  92  78   5  93  58  55  21  93  51  34  37  68  82 
 87  36  84  99  34  26  89  51  14  14  44   1  17  39   1  66  65  21  93  24  42  19  98  42  24  89  63  28  36  34  99  98  25  63  45 
 84  90   2  84  89  94  52  86  80  18  41  32  36  73  50  72  52  10  20  93  95  60  15  95  38  27  38  89  94  69   0  29  27  15  94 
 13  35  28  61  97  42  86  90  74  66  19  51  87  77  22  20  10  63  37  85  13  38  36  92  69  63  50  30  88  26  45  29   9   4  53 
 25  49  50  72  88  76  83  66  43  67  58  24  63  95  98  18  49  54  63  61  46  80  93  95  96  30  85  90  92  32  25  36  52   8  90 
 99  13  98  89  32  53   0  14  12  44  47  52  54  53  84  29  30  38  38  27   1  64  63  87  48  99  97  65  49  47  46   1  93  10  16 
 62  22  47  16  98  71  87  12  31  15  35  83  45  34  67  43  91   6  93  64  30  53  36  85   1  81  18  18   2  15  63   5  33  17  57 
 30  25  28  28  75   8  86  31  31  42  29  46  89  89  42  98  41  25  97  51  61  38  41  12  16  68  40  73  27  38  45  92  12  94  76 
 99  65  51  80  40   2  38  62  96  92  54  48  78  92  91  24  33  34  61  68  25  10  41  31  86  81  39  57  93  97  77  70  33  28  76 
 24  38  71  16  55  72   8  96  20  42  50  85  69  35  80  85  44  73  28   5  68  63  48  94  49  10  38   2   7  33  99  84  80  66  94 
 71  92  40  93  96  32  65  37  22  55  28  17  65  37  10  24   5  79  37  65  47  88  43  97  93  43  15  93  44  78  85  38  82  32  41 
 61  80   9  44  47   5  58  68 100  20 100  61  28  29  94  63   9  23   8  25  49  45  77  28   2  29  87  60  15  78  67  72  18   3  78 
 13  66  96  98   8  71  33  91  57  24  87  13  48  77  77  83  98  47  53  37  51   9  18  10  61  62  10  19 100  64  53  36  26  61   4 
100  58  29  16  20  36  82  97  39  78  82  16  79  41  82  44   3  92  31  68  47  33  76  31  32  28  37  71  97  29  33  56  83  11  95 
 55  78  79  28  38  88  80  54  78   7  58   5  95  44  30  65  44  59  95  35  45  33  63  94  87   8  35  70  74  89  88  15  71  78  69 
 74  67  43  84  16  37  32   1  33  88  19   8  59   1  31  88  20  92   8   1  63  85  63  90  80  53  22  51  24  10  28  23  10  53  95 