35
 11  77   2  29  66   6  66  23  25  71  17  25   3  15  89  67  83  44  93  74  62   4   4  16   9  18  50  63  70  87  27  97  78  62  87 
 48  25  85  59  73  58  44  13   7  63  29  21  41  49  94   9  13  13  52  86   4   5   3  62  30  10  77  44  71  46  57   6  47  86   9 
  6  66  70   3  89  78  26  70  93  19  87  40  16  55  43  98  66  76  91  82  56  11  96  75  11  60  72  28  31  88  86  43  74  40  85 
 28  46   3  77  93  96  62  90  86   0  83  43  23  86  86  13  78  87  60  33  18  59  71  59  43  72  53  19  77  19  71  36  58  73   6 
 62  67  47  82  65  10  25  64  18  31  56   4  34  54  12  90  15  72  62   3  20  54  85   4  62  13  92  36  66  60  17  92  86  11  59 
 23  15  14   2   9  86  89  53  73  22  98  65  54  90  52  30  74   9  51  50  90  54  18  88  76  35  96  44  55  28  23  65  36   6  36 
 51  27  78  43  57   5  35  60  66   7   8  48  36  53  24  38  41  63  31  90  93  30  41  27  21  19  73  75  51  46  49  44  59  16  56 
  9  64  75  54  64  95  40  95  33  39  98  19  84  28  16   5  74   4  67  94  31  63   1  21  64 100  14   5  62  18  45  13  40  15  48 
 54  74  40   6  98  35  68  88  29  16  61  95  50  13  17  22  48  78   1  86  22  13  44  28  35  59   4  90  15  95  50  31  14  29   7 
 18  81  29  54  77  50  65  16  55  89  69  99  92  70  69  91  72  23  20  19  36  28  87  98  40  74   0  99  10  67  78  14  96  10  96 
 27  52  19  10  25  10  32  98  14  64  20  86  56  54  65   6  35  46  81  78  66  65  35  38  70  77   3   4  87  64   9  68  16  97  67 
 67  99   0  98  29  58  42  68  78  65  28  92  48  34  54  81  25  80  71  18  12  39  37  86  25  26  97  16  60  32  65  34  77  46  37 
 52  87  40  18  41  34  19  59  60  24  50  14   9  88  72  44   3  98   4  58  56  19  78  79   4  29  91  73  75  17  48  94  37  21  81 
 46  14  33  60  21  92  58   6  82  86  49  70  15  66  23  97  48  26  38  62  83  73  94  74   2  67  76  82   1  24   4  55  91  69  25 
  4  41  45  80  59   8  68  94  90  68  51  69  40   0  43  49  91  79   2  76  57  86  95   9  56  26  38  56  12   7  17  59  59  90  18 
 89  81  95  68  88  81  47  18   3  55  15  76  76  45  82  97  51  38  40  11  18  16  31  90   7  65   1   6  74  46  82  70  46  43  82 
 45  24  47  50  57  46  40  52  79  36  81  84  90  20  45  63  19  85  49  63  95  24  69  67  31  63  10  74  13  34  80  19  38  98  97 
  5  69  59  86  39  63  89  36  10   0  87  25  80  28   6  30  29  66  89  52  22  90  32  57  25  10  93  59  28  42  58  16  27  38  89 
 68  11  57  93  27  19  76   8  70  39  14  71  30   2  16  19  17  81  98  41  82  99  25  92  29  67  31  39  54  48  11  44  95  76  78 
 79  69   0  29  52  54  85  87  75  52  73  53  22  47  47  89  64  82  59  83  62   6  23  54  99  73   5  33  89  38  28  46  67  81  90 
 33  67   4  61  51  39  70  45  81  46   8  53  32  80  44  13  49  79  74  68  57  63  63  85  67  34  76  41  78  76  71  62  69  67  93 
 67  85   5  79  85  48  41  64   2  69  28  78  81   8  65  76  20  66  26  59   5  38  23  10  89  48  93   1  81  21  10  26  97  38  60 
 36  64  41  76   7  58  66  16  46  88  47  61   2  94  14  60  23  17  88  65  91  15  18  46  34  15  25  34  50  45  23  21  29  45  14 
 14  97  27  87  67  73   7  79  78  79  36  42  92  59  11  32  21  21  32  90  83  24  67  22  27  75  18  59  45  22  62  55  39  12   1 
 51  44  11  47   4   6  78  43  68  48  69  99  30  33  37  56  27  83  88  29  76   3  16  14  64  88  97   8  78  31  28  41  37  49  41 
 14  14  28  39  94  82  39  45  75  85   7   0   3  85  64  43  22  46   0  78  52  74  87  83  27  20  44  41  82  39  44  52  42  80  84 
 18   0  46  25  27  74  11  14  62  30  35  82  76  11  48  42   0  53  99  42  94  30  88  12  21  12  66  96  39  22  22   0  26  28  58 
 36  31  36  12  94  54  77  11   5  29  65  12  62  15   7  15  16  31  33  29  31  34  72  34  48  64  85   8   6  58   1  26  17  16   5 
 69  42  95  50   7  80  94  69  57  47  46  94  50  49  57  84  36  66  71   1  17  91  24  94  52  29  87  18  78  11  50  73  25  27  43 
 54  11  57  62  47  47  61  41  38  74  57  30  76   2  20   3  55  35  31  26  60  94  59  63  57  12  16  76  35  61   4  32  89  47  36 
 15  86  76   9  10  34  89   7  79  60  67  62  86  31  87  85   3  32  12   2  62  79  44  32  56  55  98  15 100  51  92  18  62 100  86 
  2  92  76  85   7  11  15  51  59  91  78  16  49   8  99   6  68  22  51  28   4  41  84  19  39  15  33  10  25  16  10  46  60  27  99 
 18  35  13  96  42  75  78  74  31  47  35  59  61  96  66  22  41  50   5  29  92  66  30  86   8  70  32  12  97  90  25   6  61  86  58 
 47   3  65  15  11  44  73   9  91  76  92  16  45   0  31  14  52   3  99  69  52  74  77  13  52  88  22  24  10  82  53   9  24   5  93 
  6  35  93  71  64   5  20  16  22  53  67  14  62  15 100  87  54  49  83  69  95  10  34  10  39  55  70  78  27  69  45  40  78  81  94 